function t = get_calibpar(M)

% sgp12km.txt
sgp12km = [-0.42141	-0.19181	8.46638	349.17349	2400.47095		7.834
    -0.91301	-0.57497	3.81243	342.66949	4362.79492		8.4183
    0.478	0.39434	4.75235	179.6105	3623.86792		6.6617
    0.99523	0.51277	3.01098	144.42801	4766.8457		5.4488
    -0.79611	-0.0231	3.51349	203.95551	3541.62158		7.9359
    -0.93349	0.57008	9.50354	117.3695	2648.50195		8.0224
    0.55658	0.97603	8.6488	259.04901	2659.18066		6.4476
    -0.14088	-0.93999	10.16315	64.1705	1304.36548		9.7224
    0.65065	0.47342	8.44405	312.5495	6734.0835		5.5569
    0.1914	0.85698	8.31567	50.65401	6002.84277		7.3804
    -0.36988	-0.25237	4.5588	268.21399	5485.92725		7.482
    0.4784	0.75006	3.33476	262.05499	6636.90625		5.8478
    -0.2481	-0.71349	7.03083	306.71149	5977.07568		7.8257
    -0.84354	-0.91652	11.69818	188.405	2914.61401		9.3351
    0.47894	0.4315	8.89455	295.42401	6154.86133		5.9718
    -0.86637	0.90199	9.54777	56.05249	2350.22852		8.9857
    0.65435	-0.63049	11.0554	136.145	3790.8811		7.9575
    -0.11355	-0.74814	6.88948	227.867	2404.56616		8.665
    -0.95763	0.02766	3.03276	285.55402	6805.74609		7.6645
    0.6692	0.35816	9.67062	155.58051	937.2959		7.1486
    -0.86756	0.85487	10.16243	263.93298	2219.25146		7.7865
    0.98502	0.42151	11.32919	206.216	7012.03955		5.5359
    -0.67309	-0.5204	6.01725	218.67349	5795.82471		8.2062
    0.5347	0.2805	9.71494	271.32349	5069.74951		5.8788
    0.78882	-0.92854	5.066	333.03351	4717.07568		5.8306
    0.9655	-0.11154	10.70742	134.3165	2753.36548		6.8272
    -0.00725	-0.48266	6.55851	226.67149	3960.25659		7.8651
    0.73936	-0.80575	5.64002	296.38251	5108.71484		6.0951
    -0.70549	0.1226	9.18003	252.002	3144.375		7.9471
    -0.84267	-0.45064	5.10789	203.65401	5896.84521		8.262
    0.76235	-0.20787	6.20157	271.61301	6005.01611		5.6287
    0.75926	-0.88767	9.0525	223.1165	4449.48291		7.0365
    0.30375	-0.71283	3.62689	103.058	4425.32227		8.1005
    0.86894	-0.75071	9.73929	307.28751	4305.27588		6.0506
    0.06436	-0.47144	6.98821	50.6705	4640.4043		8.8648
    0.3603	-0.11517	6.7287	249.959	3861.66162		6.7582
    0.6853	-0.90848	10.64928	325.9325	5929.16406		6.0349
    -0.42973	0.17727	9.19245	286.25299	5023.60205		7.2439
    0.52822	-0.9396	9.30234	333.935	6182.86523		6.2628
    0.38057	0.96871	10.99277	292.02051	4212.2251		6.0655
    -0.28437	-0.2461	4.49351	343.46301	3544.39355		7.4332
    0.66558	0.82862	6.13744	326.2265	5442.39453		5.4664
    0.34322	0.77088	9.97523	246.437	3915.27441		6.4787
    0.75797	0.14335	4.41107	272.77701	4436.75684		5.4825
    0.13171	-0.0716	8.71082	327.27499	7013.20508		6.331
    -0.43254	-0.87166	5.31948	341.31949	4778.62646		8.189
    0.81044	-0.36543	5.10938	316.604	6224.38184		5.3197
    0.94901	-0.351	7.66983	276.9635	5092.6499		5.4635
    0.83028	-0.03662	6.86883	252.79851	5581.65625		5.6125
    0.52878	0.85226	3.86018	336.965	4308.2998		5.5657
    0.66402	-0.8589	7.14383	88.30099	4472.44629		8.5387
    0.63498	-0.37901	5.09682	322.4975	4899.36621		5.6678
    0.99336	-0.61634	5.38262	342.03802	4178.01611		5.2031
    0.9045	-0.96759	3.42638	193.7075	6480.35107		6.5269
    0.85967	-0.78186	8.2083	56.24449	1866.57764		9.3984
    0.83761	-0.82815	4.46808	349.89951	5446.99316		5.46
    0.93469	0.5363	5.88657	255.03351	5563.54346		5.491
    0.66639	0.34772	11.90631	330.884	5523.63281		5.4503
    0.62879	-0.87732	9.25541	341.22049	4186.14307		6.4157
    0.31589	-0.93791	5.09997	215.657	6438.4248		7.2833
    0.80151	-0.93715	3.31	326.8685	6657.97949		5.4462
    0.56484	-0.65984	7.64467	184.802	4703.75098		7.4658
    0.73787	0.67303	5.34716	198.06799	2976.354		6.5177
    0.7063	-0.66797	5.83752	294.04248	5341.87793		6.069
    0.77923	-0.74788	5.4304	92.1785	3032.10889		8.5236
    0.85753	-0.74494	3.07308	336.7265	4910.7373		5.3462
    0.81401	-0.93738	4.85085	316.59048	2776.73853		6.3225
    0.77748	-0.9324	5.34445	340.65198	2732.89063		6.2699
    0.93193	-0.96044	9.15609	332.47852	7139.29932		5.296
    0.25143	-0.88039	10.8826	349.20349	4386.32568		7.1791
    0.69987	-0.89903	5.34175	302.6915	4889.31738		6.2887
    0.75656	-0.55623	5.16562	312.3035	4814.15869		5.6999
    0.75969	-0.92284	4.48802	332.10498	4259.91602		5.9199
    0.7334	-0.77269	4.12734	329.0885	4190.86816		5.8392
    0.75912	-0.63594	4.88186	345.61102	3448.57056		5.8347
    0.76706	-0.73723	9.56158	331.00549	4290.15576		5.9901
    0.74883	-0.91445	3.88466	330.85251	7013.0791		5.5008
    0.98695	-0.02027	5.40944	309.7775	3633.66455		5.1496
    0.33202	-0.87165	4.37115	330.52399	1700.66699		7.3985
    0.76008	-0.90146	8.34852	331.52301	1747.82251		6.6351
    0.75664	-0.84896	4.80725	332.43201	4254.56104		5.8732
    0.7596	-0.9784	4.15335	336.056	4130.13623		5.9558
    0.76243	-0.85348	11.61498	329.87598	3865.78809		6.2866
    -0.84684	-0.93559	3.88812	285.01251	4254.93896		8.8431
    0.7488	-0.9469	4.3469	331.13901	4939.74902		5.8297
    -0.03212	-0.68856	4.2474	328.9295	4258.87646		7.4149
    0.73657	-0.92396	4.77597	331.6535	2453.70605		6.4189
    0.83517	-0.92213	4.49134	344.978	4633.47461		5.6721
    0.87833	-0.927	3.88497	344.51898	5234.71484		5.4336
    0.58625	-0.95622	4.11204	343.48248	5238.96729		6.1021
    0.88733	-0.67154	3.88394	337.961	5061.62256		5.2319
    0.97126	-0.85227	3.89969	65.0405	5388.71875		8.1757
    0.40792	-0.72633	5.9151	344.55652	1618.54639		7.3392
    0.1888	-0.91617	3.90909	227.5415	5521.58545		7.5587
    0.98039	-0.92821	4.41408	345.2435	5170.64404		5.1885
    0.93599	-0.92696	4.46632	128.90451	5177.03857		7.4219
    0.93915	-0.92864	3.46062	347.4545	5150.54688		5.2547
    0.98106	-0.89913	4.25649	345.22101	4492.41748		5.2024
    0.98959	-0.89584	4.04134	345.02448	4557.02393		5.2373
    0.98209	-0.93412	3.94828	235.70599	4499.03271		5.2864
    0.58917	-0.88881	4.21829	348.01251	4482.0542		6.1823
    0.98106	-0.87052	4.28367	345.215	4491		5.2763
    0.98252	0.63871	4.23678	345.7655	4369.31543		5.2043
    0.99159	-0.94904	3.65637	335.51599	4464.57129		5.265
    0.44458	-0.82935	4.13045	345.1655	4188.37939		6.479
    0.98132	-0.93867	4.25626	345.50598	4429.92139		5.272
    0.98066	-0.90828	4.26418	345.185	4451.15234		5.2572
    0.98603	-0.90444	4.26189	344.84747	4391.99561		5.3154
    0.70431	-0.92893	4.24911	345.60352	1996.54663		6.6087
    0.63527	-0.96061	3.88241	349.022	4431.02393		6.0982
    0.98136	-0.93812	8.1278	345.52399	4429.03955		5.494
    0.98174	-0.94633	4.88671	344.94501	3956.53955		5.437
    0.98157	-0.42357	4.24776	344.186	4978.08447		4.9505
    0.98069	-0.99463	4.25923	347.58649	4430.52002		5.3294
    0.75408	-0.93559	4.37205	345.5585	5370.76367		5.705
    0.99939	-0.93529	4.26095	345.539	4430.42529		5.2774
    0.98172	-0.9395	4.34865	337.09399	6501.17236		5.107
    0.90477	-0.93846	4.2699	345.49847	3151.68311		5.8014
    0.82315	-0.93302	4.25626	346.7135	4452.12891		5.6698
    -0.10691	-0.94712	3.23175	345.31848	5213.60986		7.4742
    0.98321	-0.93576	4.25595	338.18298	4429.92139		5.3338
    0.98181	-0.97789	4.55916	344.771	4431.24463		5.3625
    0.98133	-0.91596	4.37772	345.5015	4428.2207		5.3285
    0.6525	-0.93974	4.22004	345.50299	4399.20898		6.0585
    0.88796	-0.44868	4.26805	345.21948	4429.41748		5.165
    0.98351	-0.93947	4.25199	345.5195	4430.14209		5.2837
    0.97573	-0.9394	4.25253	345.668	4425.73193		5.2807
    0.87799	-0.9351	4.25167	343.1015	4835.20068		5.4992
    0.98364	-0.89669	4.24889	341.61499	4461.29541		5.3173
    0.98353	-0.96693	4.25199	342.47449	4430.33105		5.3641
    0.99181	-0.93945	4.25095	334.24847	4467.56396		5.3714
    0.9853	-0.94037	4.13031	178.481	4436.06396		6.902
    0.98353	-0.94194	4.25262	345.52249	3913.91992		5.4264
    0.93624	-0.87222	4.20798	345.54498	3956.31909		5.5105
    0.98625	-0.88646	4.1358	60.04851	3913.5105		8.5601
    0.98443	-0.91814	4.26284	237.605	1600.52856		6.9901
    0.95924	-0.94192	4.07212	345.54199	5340.52344		5.2479
    0.98655	-0.93778	4.50152	345.61401	3908.06104		5.3947
    0.98359	-0.9281	4.25293	344.63449	3913.5105		5.4201
    0.9835	-0.94191	4.23808	345.52551	3916.15649		5.3969
